737374557
737374557
92972582
411953121
411953121
411953121
117402864
889326246
889326246
393381351
393381351
830782152
830782152
626247628
626247628
192639492
961303589
843789578
565074540
295645686
780125690
755733052
264118553
264118553
264118553
264118553
264118553
389884016
892819459
892819459
892819459
892819459
892819459
892819459
892819459
892819459
892819459
83826263
478281412
857415687
857415687
857415687
857415687
872554849
40153985
40153985
40153985
200450493
200450493
200450493
774576505
774576505
774576505
840373164
840373164
840373164
840373164
861178283
861178283
861178283
169257651
715959939
914381388
485712166
787395083
703034571
453129995
453129995
52542900
52542900
439535713
439535713
609788579
609788579
609788579
196226150
196226150
196226150
196226150
196226150
635944185
10893533
304506210
304506210
881029681
881029681
621446194
621446194
621446194
621446194
855781842
585082246
585082246
801536435
111236217
111236217
111236217
314307091
547269267
547269267
547269267
547269267
593814000
593814000
665170465
483099296
229413554
229413554
425213151
67906422
67906422
893588164
893588164
995094599
814452351
686201196
686201196
524941375
732769930
732769930
44515538
44515538
52327873
779602114
779602114
48602969
685197081
685197081
581641421
581641421
110633710
619921054
293096202
293096202
293096202
938335581
595717869
595717869
595717869
595717869
595717869
595717869
579509805
579509805
579509805
579509805
406085274
556114296
733719386
776376042
362300698
362300698
911412500
911412500
258998313
749090049
776681273
776681273
368860537
43309183
43309183
43309183
43309183
501955625
501955625
501955625
895807522
895807522
895807522
895807522
381138852
381138852
381138852
381138852
381138852
604623834
604623834
172964171
638740218
94437705
94437705
605309017
964063699
964063699
388149223
388149223
388149223
388149223
388149223
637938539
174676358
174676358
174676358
174676358
844089460
28785910
513541227
513541227
295978053
295978053
487603048
855924199
773300677
773300677
773300677
773300677
773300677
773300677
773300677
63835024
63835024
702925926
823076851
801911091
801911091
801911091
292821099
878157057
878157057
878157057
878157057
750827031
750827031
958962576
958962576
958962576
47083014
47083014
47083014
898933561
89343195
455133221
946999923
834614233
834614233
424930736
424930736
475201938
475201938
688990814
688990814
623685507
349969846
349969846
546231848
626232
807304437
807304437
807304437
807304437
352062475
352062475
352062475
352062475
982576156
554520155
135927449
680972177
680972177
680972177
680972177
680972177
341070272
543693885
17535632
17535632
999558959
728936744
127427545
127427545
404330474
404330474
109830470
475900590
582655511
582655511
