102133
758674
231321
312321
98765432
1234567891
2147483647
5242874324
1310714324
231654432
3267471432
12894321432
89327213432
9213846432
21314489238923
2367457467873
2131448923923
2367457467
3728467432
2133443232
43432423432
2131448923
43432423432
2131448923
43432423432
2131448923
2367457467
4237547632
21764312874
5242874324
1310714324
231654432
3267471432
12894321432
89327213432
9213846432
21314489238923
2367457467873
5242874324
1310714324
231654432
3267471432
12894321432
89327213432
9213846432
21314489238923
2367457467873
1234567891231
231534632467
17171771717771
